      40.0000
      127.660
      242.990
      394.270
      591.330
      844.450
      1161.79
      1545.31
      1987.97
      2475.32
      2991.54
      3524.26
      4065.68
      4611.50
      5159.48
      5708.50
      6258.04
      6807.81
      7357.70
      7907.64
      8457.62
      9007.61
      9557.61
      10107.5
      10657.5
      11207.5
      11757.5
      12307.5
      12857.6
      13407.6
      13957.6
      14507.7
      15057.9
      15608.3
      16159.1
      16710.9
      17264.5
      17822.0
      18387.6
      18970.4
      19589.3
      20284.8
      21140.8
      22292.3
      23775.7
      25399.2
      27046.1
      28695.7
