 z[m] p[mb] tp[K] q[g/kg] u[m/s] v[m/s]
 0.,  64, 1008.  day,levels,pres0
     -999.000      1004.54      299.193      18.3971      0.00000      0.00000
     -999.000      995.153      299.164      17.7577      0.00000      0.00000
     -999.000      983.849      299.230      17.2692      0.00000      0.00000
     -999.000      970.282      299.453      16.6383      0.00000      0.00000
     -999.000      954.070      299.849      15.8745      0.00000      0.00000
     -999.000      934.831      300.508      14.9134      0.00000      0.00000
     -999.000      912.229      301.481      13.8215      0.00000      0.00000
     -999.000      886.048      302.772      12.6966      0.00000      0.00000
     -999.000      856.287      304.340      11.5821      0.00000      0.00000
     -999.000      823.229      306.139      10.4750      0.00000      0.00000
     -999.000      787.476      308.093      9.43577      0.00000      0.00000
     -999.000      749.871      310.231      8.40525      0.00000      0.00000
     -999.000      711.346      312.517      7.43674      0.00000      0.00000
     -999.000      672.754      314.922      6.56024      0.00000      0.00000
     -999.000      634.769      317.424      5.77077      0.00000      0.00000
     -999.000      597.855      320.005      5.06104      0.00000      0.00000
     -999.000      562.291      322.599      4.40328      0.00000      0.00000
     -999.000      528.229      325.225      3.78133      0.00000      0.00000
     -999.000      495.734      327.890      3.18012      0.00000      0.00000
     -999.000      464.811      330.524      2.66321      0.00000      0.00000
     -999.000      435.433      333.099      2.25004      0.00000      0.00000
     -999.000      407.558      335.644      1.90766      0.00000      0.00000
     -999.000      381.133      338.171      1.59815      0.00000      0.00000
     -999.000      356.101      340.612      1.29656      0.00000      0.00000
     -999.000      332.396      342.824      1.03028      0.00000      0.00000
     -999.000      309.953      344.934     0.792899      0.00000      0.00000
     -999.000      288.721      347.092     0.584182      0.00000      0.00000
     -999.000      268.657      349.312     0.420743      0.00000      0.00000
     -999.000      249.712      351.576     0.298880      0.00000      0.00000
     -999.000      231.844      353.817     0.209952      0.00000      0.00000
     -999.000      215.003      355.966     0.147807      0.00000      0.00000
     -999.000      199.147      358.072     0.102155      0.00000      0.00000
     -999.000      184.227      360.112    0.0695936      0.00000      0.00000
     -999.000      170.206      362.207    0.0456281      0.00000      0.00000
     -999.000      157.045      364.415    0.0288633      0.00000      0.00000
     -999.000      144.708      366.726    0.0182250      0.00000      0.00000
     -999.000      133.155      369.199    0.0117404      0.00000      0.00000
     -999.000      122.355      371.900   0.00800420      0.00000      0.00000
     -999.000      112.279      374.806   0.00574988      0.00000      0.00000
     -999.000      102.902      378.448   0.00427813      0.00000      0.00000
     -999.000      94.2014      383.328   0.00344164      0.00000      0.00000
     -999.000      86.1864      391.592   0.00312307      0.00000      0.00000
     -999.000      78.8840      405.425   0.00298843      0.00000      0.00000
     -999.000      72.2885      422.095   0.00295973      0.00000      0.00000
     -999.000      66.3342      438.696   0.00295942      0.00000      0.00000
     -999.000      60.9443      455.066   0.00295946      0.00000      0.00000
     -999.000      56.0445      470.721   0.00300000      0.00000      0.00000
     -999.000      51.5778      485.764   0.00300000      0.00000      0.00000
     -999.000      47.4959      500.865   0.00300000      0.00000      0.00000
     -999.000      43.7586      515.772   0.00300000      0.00000      0.00000
     -999.000      40.3319      531.270   0.00300000      0.00000      0.00000
     -999.000      37.1799      545.219   0.00300000      0.00000      0.00000
     -999.000      34.2697      560.491   0.00300000      0.00000      0.00000
     -999.000      31.5749      577.510   0.00300000      0.00000      0.00000
     -999.000      29.0567      593.125   0.00300000      0.00000      0.00000
     -999.000      26.6616      609.430   0.00300000      0.00000      0.00000
     -999.000      24.3215      627.360   0.00300000      0.00000      0.00000
     -999.000      21.9407      647.394   0.00300000      0.00000      0.00000
     -999.000      19.4058      671.735   0.00300000      0.00000      0.00000
     -999.000      16.6961      702.179   0.00300000      0.00000      0.00000
     -999.000      14.0248      738.501   0.00300000      0.00000      0.00000
     -999.000      11.6495      773.364   0.00300000      0.00000      0.00000
     -999.000      9.60978      818.004   0.00300000      0.00000      0.00000
     -999.000      7.89986      868.317   0.00300000      0.00000      0.00000
 1000.,  64, 1008.  day,levels,pres0
     -999.000      1004.54      299.193      18.3971      0.00000      0.00000
     -999.000      995.153      299.164      17.7577      0.00000      0.00000
     -999.000      983.849      299.230      17.2692      0.00000      0.00000
     -999.000      970.282      299.453      16.6383      0.00000      0.00000
     -999.000      954.070      299.849      15.8745      0.00000      0.00000
     -999.000      934.831      300.508      14.9134      0.00000      0.00000
     -999.000      912.229      301.481      13.8215      0.00000      0.00000
     -999.000      886.048      302.772      12.6966      0.00000      0.00000
     -999.000      856.287      304.340      11.5821      0.00000      0.00000
     -999.000      823.229      306.139      10.4750      0.00000      0.00000
     -999.000      787.476      308.093      9.43577      0.00000      0.00000
     -999.000      749.871      310.231      8.40525      0.00000      0.00000
     -999.000      711.346      312.517      7.43674      0.00000      0.00000
     -999.000      672.754      314.922      6.56024      0.00000      0.00000
     -999.000      634.769      317.424      5.77077      0.00000      0.00000
     -999.000      597.855      320.005      5.06104      0.00000      0.00000
     -999.000      562.291      322.599      4.40328      0.00000      0.00000
     -999.000      528.229      325.225      3.78133      0.00000      0.00000
     -999.000      495.734      327.890      3.18012      0.00000      0.00000
     -999.000      464.811      330.524      2.66321      0.00000      0.00000
     -999.000      435.433      333.099      2.25004      0.00000      0.00000
     -999.000      407.558      335.644      1.90766      0.00000      0.00000
     -999.000      381.133      338.171      1.59815      0.00000      0.00000
     -999.000      356.101      340.612      1.29656      0.00000      0.00000
     -999.000      332.396      342.824      1.03028      0.00000      0.00000
     -999.000      309.953      344.934     0.792899      0.00000      0.00000
     -999.000      288.721      347.092     0.584182      0.00000      0.00000
     -999.000      268.657      349.312     0.420743      0.00000      0.00000
     -999.000      249.712      351.576     0.298880      0.00000      0.00000
     -999.000      231.844      353.817     0.209952      0.00000      0.00000
     -999.000      215.003      355.966     0.147807      0.00000      0.00000
     -999.000      199.147      358.072     0.102155      0.00000      0.00000
     -999.000      184.227      360.112    0.0695936      0.00000      0.00000
     -999.000      170.206      362.207    0.0456281      0.00000      0.00000
     -999.000      157.045      364.415    0.0288633      0.00000      0.00000
     -999.000      144.708      366.726    0.0182250      0.00000      0.00000
     -999.000      133.155      369.199    0.0117404      0.00000      0.00000
     -999.000      122.355      371.900   0.00800420      0.00000      0.00000
     -999.000      112.279      374.806   0.00574988      0.00000      0.00000
     -999.000      102.902      378.448   0.00427813      0.00000      0.00000
     -999.000      94.2014      383.328   0.00344164      0.00000      0.00000
     -999.000      86.1864      391.592   0.00312307      0.00000      0.00000
     -999.000      78.8840      405.425   0.00298843      0.00000      0.00000
     -999.000      72.2885      422.095   0.00295973      0.00000      0.00000
     -999.000      66.3342      438.696   0.00295942      0.00000      0.00000
     -999.000      60.9443      455.066   0.00295946      0.00000      0.00000
     -999.000      56.0445      470.721   0.00300000      0.00000      0.00000
     -999.000      51.5778      485.764   0.00300000      0.00000      0.00000
     -999.000      47.4959      500.865   0.00300000      0.00000      0.00000
     -999.000      43.7586      515.772   0.00300000      0.00000      0.00000
     -999.000      40.3319      531.270   0.00300000      0.00000      0.00000
     -999.000      37.1799      545.219   0.00300000      0.00000      0.00000
     -999.000      34.2697      560.491   0.00300000      0.00000      0.00000
     -999.000      31.5749      577.510   0.00300000      0.00000      0.00000
     -999.000      29.0567      593.125   0.00300000      0.00000      0.00000
     -999.000      26.6616      609.430   0.00300000      0.00000      0.00000
     -999.000      24.3215      627.360   0.00300000      0.00000      0.00000
     -999.000      21.9407      647.394   0.00300000      0.00000      0.00000
     -999.000      19.4058      671.735   0.00300000      0.00000      0.00000
     -999.000      16.6961      702.179   0.00300000      0.00000      0.00000
     -999.000      14.0248      738.501   0.00300000      0.00000      0.00000
     -999.000      11.6495      773.364   0.00300000      0.00000      0.00000
     -999.000      9.60978      818.004   0.00300000      0.00000      0.00000
     -999.000      7.89986      868.317   0.00300000      0.00000      0.00000
