273.15
273.15
273.15
273.15
273.15
273.15
273.15
273.15
273.15
273.15
273.15
273.15
273.15
273.15
273.15
273.15
273.15
273.15
273.15
273.15
273.15
273.17
273.23
273.33
273.47
273.65
273.87
274.13
274.43
274.76
275.13
275.53
275.97
276.43
276.92
277.44
277.98
278.55
279.14
279.74
280.36
280.99
281.64
282.30
282.96
283.63
284.30
284.97
285.64
286.31
286.97
287.63
288.28
288.92
289.55
290.16
290.76
291.35
291.91
292.47
293.00
293.51
294.01
294.49
294.94
295.38
295.79
296.18
296.56
296.91
297.24
297.55
297.84
298.12
298.37
298.60
298.82
299.02
299.20
299.36
299.51
299.64
299.75
299.85
299.94
300.01
300.07
300.11
300.13
300.15
300.15
300.13
300.11
300.07
300.01
299.94
299.85
299.75
299.64
299.51
299.36
299.20
299.02
298.82
298.60
298.37
298.12
297.84
297.55
297.24
296.91
296.56
296.18
295.79
295.38
294.94
294.49
294.01
293.51
293.00
292.47
291.91
291.35
290.76
290.16
289.55
288.92
288.28
287.63
286.97
286.31
285.64
284.97
284.30
283.63
282.96
282.30
281.64
280.99
280.36
279.74
279.14
278.55
277.98
277.44
276.92
276.43
275.97
275.53
275.13
274.76
274.43
274.13
273.87
273.65
273.47
273.33
273.23
273.17
273.15
273.15
273.15
273.15
273.15
273.15
273.15
273.15
273.15
273.15
273.15
273.15
273.15
273.15
273.15
273.15
273.15
273.15
273.15
273.15
273.15
