sst (K)
273.15
273.15
273.15
273.15
273.15
273.15
273.15
273.15
273.15
273.15
273.15
273.15
273.15
273.15
273.15
273.15
273.15
273.15
273.15
273.15
273.15
273.15
273.15
273.15
273.15
273.15
273.15
273.15
273.15
273.15
273.15
273.15
273.15
273.15
273.15
273.15
273.15
273.15
273.15
273.15
273.15
273.15
273.15
273.15
273.15
273.15
273.15
273.15
273.15
273.15
273.15
273.15
273.15
273.15
273.15
273.15
273.15
273.15
273.15
273.15
273.15
273.15
273.15
273.15
273.15
273.15
273.15
273.15
273.15
273.15
273.15
273.15
273.15
273.15
273.15
273.15
273.15
273.15
273.15
273.15
273.15
273.15
273.15
273.15
273.15
273.15
273.15
273.15
273.15
273.15
273.15
273.15
273.15
273.15
273.15
273.15
273.15
273.15
273.15
273.15
273.15
273.15
273.15
273.15
273.15
273.15
273.15
273.15
273.15
273.15
273.15
273.15
273.15
273.15
273.15
273.15
273.15
273.15
273.15
273.15
273.15
273.15
273.15
273.15
273.15
273.15
273.15
273.15
273.15
273.15
273.15
273.15
273.15
273.15
273.15
273.15
273.15
273.15
273.15
273.15
273.15
273.15
273.15
273.15
273.15
273.15
273.15
273.15
273.15
273.15
273.15
273.15
273.15
273.15
273.15
273.15
273.15
273.15
273.15
273.15
273.15
273.15
273.15
273.15
273.15
273.15
273.15
273.15
273.16
273.16
273.16
273.17
273.17
273.18
273.19
273.19
273.20
273.21
273.22
273.23
273.24
273.25
273.26
273.27
273.29
273.30
273.31
273.33
273.34
273.36
273.38
273.39
273.41
273.43
273.45
273.47
273.49
273.51
273.53
273.55
273.58
273.60
273.62
273.65
273.68
273.70
273.73
273.75
273.78
273.81
273.84
273.87
273.90
273.93
273.96
273.99
274.03
274.06
274.09
274.13
274.16
274.20
274.24
274.27
274.31
274.35
274.39
274.42
274.46
274.50
274.55
274.59
274.63
274.67
274.71
274.76
274.80
274.85
274.89
274.94
274.98
275.03
275.08
275.12
275.17
275.22
275.27
275.32
275.37
275.42
275.47
275.53
275.58
275.63
275.68
275.74
275.79
275.85
275.90
275.96
276.01
276.07
276.13
276.19
276.24
276.30
276.36
276.42
276.48
276.54
276.60
276.66
276.72
276.79
276.85
276.91
276.98
277.04
277.10
277.17
277.23
277.30
277.36
277.43
277.50
277.56
277.63
277.70
277.77
277.83
277.90
277.97
278.04
278.11
278.18
278.25
278.32
278.39
278.46
278.54
278.61
278.68
278.75
278.83
278.90
278.97
279.05
279.12
279.20
279.27
279.35
279.42
279.50
279.57
279.65
279.73
279.80
279.88
279.96
280.03
280.11
280.19
280.27
280.34
280.42
280.50
280.58
280.66
280.74
280.82
280.90
280.98
281.06
281.14
281.22
281.30
281.38
281.46
281.54
281.62
281.71
281.79
281.87
281.95
282.03
282.11
282.20
282.28
282.36
282.44
282.53
282.61
282.69
282.77
282.86
282.94
283.02
283.11
283.19
283.27
283.36
283.44
283.52
283.61
283.69
283.78
283.86
283.94
284.03
284.11
284.20
284.28
284.36
284.45
284.53
284.62
284.70
284.78
284.87
284.95
285.03
285.12
285.20
285.29
285.37
285.45
285.54
285.62
285.71
285.79
285.87
285.96
286.04
286.12
286.21
286.29
286.37
286.46
286.54
286.62
286.70
286.79
286.87
286.95
287.04
287.12
287.20
287.28
287.36
287.45
287.53
287.61
287.69
287.77
287.85
287.93
288.02
288.10
288.18
288.26
288.34
288.42
288.50
288.58
288.66
288.74
288.82
288.90
288.98
289.05
289.13
289.21
289.29
289.37
289.45
289.52
289.60
289.68
289.76
289.83
289.91
289.99
290.06
290.14
290.21
290.29
290.37
290.44
290.52
290.59
290.66
290.74
290.81
290.89
290.96
291.03
291.11
291.18
291.25
291.32
291.40
291.47
291.54
291.61
291.68
291.75
291.82
291.89
291.96
292.03
292.10
292.17
292.24
292.31
292.38
292.44
292.51
292.58
292.65
292.71
292.78
292.85
292.91
292.98
293.04
293.11
293.17
293.24
293.30
293.37
293.43
293.49
293.56
293.62
293.68
293.74
293.81
293.87
293.93
293.99
294.05
294.11
294.17
294.23
294.29
294.35
294.41
294.47
294.52
294.58
294.64
294.70
294.75
294.81
294.87
294.92
294.98
295.03
295.09
295.14
295.20
295.25
295.30
295.36
295.41
295.46
295.52
295.57
295.62
295.67
295.72
295.77
295.82
295.87
295.92
295.97
296.02
296.07
296.12
296.17
296.21
296.26
296.31
296.36
296.40
296.45
296.49
296.54
296.59
296.63
296.67
296.72
296.76
296.81
296.85
296.89
296.94
296.98
297.02
297.06
297.10
297.14
297.19
297.23
297.27
297.31
297.35
297.38
297.42
297.46
297.50
297.54
297.58
297.61
297.65
297.69
297.72
297.76
297.80
297.83
297.87
297.90
297.94
297.97
298.00
298.04
298.07
298.10
298.14
298.17
298.20
298.23
298.26
298.30
298.33
298.36
298.39
298.42
298.45
298.48
298.51
298.54
298.56
298.59
298.62
298.65
298.68
298.70
298.73
298.76
298.78
298.81
298.83
298.86
298.89
298.91
298.93
298.96
298.98
299.01
299.03
299.05
299.08
299.10
299.12
299.14
299.17
299.19
299.21
299.23
299.25
299.27
299.29
299.31
299.33
299.35
299.37
299.39
299.41
299.43
299.45
299.47
299.48
299.50
299.52
299.53
299.55
299.57
299.58
299.60
299.62
299.63
299.65
299.66
299.68
299.69
299.71
299.72
299.73
299.75
299.76
299.77
299.79
299.80
299.81
299.82
299.84
299.85
299.86
299.87
299.88
299.89
299.90
299.91
299.92
299.93
299.94
299.95
299.96
299.97
299.98
299.99
300.00
300.01
300.01
300.02
300.03
300.04
300.04
300.05
300.06
300.06
300.07
300.07
300.08
300.09
300.09
300.10
300.10
300.10
300.11
300.11
300.12
300.12
300.12
300.13
300.13
300.13
300.14
300.14
300.14
300.14
300.14
300.15
300.15
300.15
300.15
300.15
300.15
300.15
300.15
300.15
300.15
300.15
300.15
300.15
300.15
300.14
300.14
300.14
300.14
300.14
300.13
300.13
300.13
300.12
300.12
300.12
300.11
300.11
300.10
300.10
300.10
300.09
300.09
300.08
300.07
300.07
300.06
300.06
300.05
300.04
300.04
300.03
300.02
300.01
300.01
300.00
299.99
299.98
299.97
299.96
299.95
299.94
299.93
299.92
299.91
299.90
299.89
299.88
299.87
299.86
299.85
299.84
299.82
299.81
299.80
299.79
299.77
299.76
299.75
299.73
299.72
299.71
299.69
299.68
299.66
299.65
299.63
299.62
299.60
299.58
299.57
299.55
299.53
299.52
299.50
299.48
299.47
299.45
299.43
299.41
299.39
299.37
299.35
299.33
299.31
299.29
299.27
299.25
299.23
299.21
299.19
299.17
299.14
299.12
299.10
299.08
299.05
299.03
299.01
298.98
298.96
298.93
298.91
298.89
298.86
298.83
298.81
298.78
298.76
298.73
298.70
298.68
298.65
298.62
298.59
298.56
298.54
298.51
298.48
298.45
298.42
298.39
298.36
298.33
298.30
298.26
298.23
298.20
298.17
298.14
298.10
298.07
298.04
298.00
297.97
297.94
297.90
297.87
297.83
297.80
297.76
297.72
297.69
297.65
297.61
297.58
297.54
297.50
297.46
297.42
297.38
297.35
297.31
297.27
297.23
297.19
297.14
297.10
297.06
297.02
296.98
296.94
296.89
296.85
296.81
296.76
296.72
296.67
296.63
296.59
296.54
296.49
296.45
296.40
296.36
296.31
296.26
296.21
296.17
296.12
296.07
296.02
295.97
295.92
295.87
295.82
295.77
295.72
295.67
295.62
295.57
295.52
295.46
295.41
295.36
295.30
295.25
295.20
295.14
295.09
295.03
294.98
294.92
294.87
294.81
294.75
294.70
294.64
294.58
294.52
294.47
294.41
294.35
294.29
294.23
294.17
294.11
294.05
293.99
293.93
293.87
293.81
293.74
293.68
293.62
293.56
293.49
293.43
293.37
293.30
293.24
293.17
293.11
293.04
292.98
292.91
292.85
292.78
292.71
292.65
292.58
292.51
292.44
292.38
292.31
292.24
292.17
292.10
292.03
291.96
291.89
291.82
291.75
291.68
291.61
291.54
291.47
291.40
291.32
291.25
291.18
291.11
291.03
290.96
290.89
290.81
290.74
290.66
290.59
290.52
290.44
290.37
290.29
290.21
290.14
290.06
289.99
289.91
289.83
289.76
289.68
289.60
289.52
289.45
289.37
289.29
289.21
289.13
289.05
288.98
288.90
288.82
288.74
288.66
288.58
288.50
288.42
288.34
288.26
288.18
288.10
288.02
287.93
287.85
287.77
287.69
287.61
287.53
287.45
287.36
287.28
287.20
287.12
287.04
286.95
286.87
286.79
286.70
286.62
286.54
286.46
286.37
286.29
286.21
286.12
286.04
285.96
285.87
285.79
285.71
285.62
285.54
285.45
285.37
285.29
285.20
285.12
285.03
284.95
284.87
284.78
284.70
284.62
284.53
284.45
284.36
284.28
284.20
284.11
284.03
283.94
283.86
283.78
283.69
283.61
283.52
283.44
283.36
283.27
283.19
283.11
283.02
282.94
282.86
282.77
282.69
282.61
282.53
282.44
282.36
282.28
282.20
282.11
282.03
281.95
281.87
281.79
281.71
281.62
281.54
281.46
281.38
281.30
281.22
281.14
281.06
280.98
280.90
280.82
280.74
280.66
280.58
280.50
280.42
280.34
280.27
280.19
280.11
280.03
279.96
279.88
279.80
279.73
279.65
279.57
279.50
279.42
279.35
279.27
279.20
279.12
279.05
278.97
278.90
278.83
278.75
278.68
278.61
278.54
278.46
278.39
278.32
278.25
278.18
278.11
278.04
277.97
277.90
277.83
277.77
277.70
277.63
277.56
277.50
277.43
277.36
277.30
277.23
277.17
277.10
277.04
276.98
276.91
276.85
276.79
276.72
276.66
276.60
276.54
276.48
276.42
276.36
276.30
276.24
276.19
276.13
276.07
276.01
275.96
275.90
275.85
275.79
275.74
275.68
275.63
275.58
275.53
275.47
275.42
275.37
275.32
275.27
275.22
275.17
275.12
275.08
275.03
274.98
274.94
274.89
274.85
274.80
274.76
274.71
274.67
274.63
274.59
274.55
274.50
274.46
274.42
274.39
274.35
274.31
274.27
274.24
274.20
274.16
274.13
274.09
274.06
274.03
273.99
273.96
273.93
273.90
273.87
273.84
273.81
273.78
273.75
273.73
273.70
273.68
273.65
273.62
273.60
273.58
273.55
273.53
273.51
273.49
273.47
273.45
273.43
273.41
273.39
273.38
273.36
273.34
273.33
273.31
273.30
273.29
273.27
273.26
273.25
273.24
273.23
273.22
273.21
273.20
273.19
273.19
273.18
273.17
273.17
273.16
273.16
273.16
273.15
273.15
273.15
273.15
273.15
273.15
273.15
273.15
273.15
273.15
273.15
273.15
273.15
273.15
273.15
273.15
273.15
273.15
273.15
273.15
273.15
273.15
273.15
273.15
273.15
273.15
273.15
273.15
273.15
273.15
273.15
273.15
273.15
273.15
273.15
273.15
273.15
273.15
273.15
273.15
273.15
273.15
273.15
273.15
273.15
273.15
273.15
273.15
273.15
273.15
273.15
273.15
273.15
273.15
273.15
273.15
273.15
273.15
273.15
273.15
273.15
273.15
273.15
273.15
273.15
273.15
273.15
273.15
273.15
273.15
273.15
273.15
273.15
273.15
273.15
273.15
273.15
273.15
273.15
273.15
273.15
273.15
273.15
273.15
273.15
273.15
273.15
273.15
273.15
273.15
273.15
273.15
273.15
273.15
273.15
273.15
273.15
273.15
273.15
273.15
273.15
273.15
273.15
273.15
273.15
273.15
273.15
273.15
273.15
273.15
273.15
273.15
273.15
273.15
273.15
273.15
273.15
273.15
273.15
273.15
273.15
273.15
273.15
273.15
273.15
273.15
273.15
273.15
273.15
273.15
273.15
273.15
273.15
273.15
273.15
273.15
273.15
273.15
273.15
273.15
273.15
273.15
273.15
273.15
273.15
273.15
273.15
273.15
273.15
273.15
273.15
273.15
273.15
273.15
273.15
273.15
273.15
273.15
273.15
273.15
273.15
273.15
273.15
273.15
273.15
273.15
273.15
273.15
