273.15
273.15
273.15
273.15
273.15
273.15
273.15
273.15
273.15
273.15
273.15
273.15
273.15
273.15
273.15
273.15
273.15
273.15
273.15
273.15
273.15
273.15
273.15
273.15
273.15
273.15
273.15
273.15
273.15
273.15
273.15
273.15
273.15
273.15
273.15
273.15
273.15
273.15
273.15
273.15
273.15
273.15
273.16
273.18
273.21
273.25
273.30
273.36
273.43
273.51
273.60
273.70
273.81
273.93
274.06
274.20
274.35
274.51
274.68
274.85
275.04
275.23
275.43
275.64
275.86
276.08
276.31
276.55
276.80
277.05
277.31
277.57
277.85
278.12
278.41
278.69
278.99
279.29
279.59
279.89
280.20
280.52
280.84
281.16
281.48
281.80
282.13
282.46
282.79
283.13
283.46
283.80
284.13
284.47
284.80
285.14
285.48
285.81
286.14
286.48
286.81
287.14
287.47
287.79
288.12
288.44
288.76
289.08
289.39
289.70
290.01
290.31
290.61
290.91
291.20
291.49
291.77
292.05
292.33
292.60
292.87
293.13
293.39
293.64
293.89
294.13
294.37
294.60
294.83
295.05
295.27
295.48
295.69
295.89
296.09
296.28
296.47
296.65
296.82
296.99
297.16
297.32
297.48
297.63
297.77
297.91
298.05
298.18
298.31
298.43
298.55
298.66
298.77
298.87
298.97
299.06
299.15
299.24
299.32
299.40
299.47
299.54
299.61
299.67
299.73
299.78
299.83
299.88
299.92
299.96
299.99
300.02
300.05
300.08
300.10
300.11
300.13
300.14
300.15
300.15
300.15
300.15
300.14
300.13
300.11
300.10
300.08
300.05
300.02
299.99
299.96
299.92
299.88
299.83
299.78
299.73
299.67
299.61
299.54
299.47
299.40
299.32
299.24
299.15
299.06
298.97
298.87
298.77
298.66
298.55
298.43
298.31
298.18
298.05
297.91
297.77
297.63
297.48
297.32
297.16
296.99
296.82
296.65
296.47
296.28
296.09
295.89
295.69
295.48
295.27
295.05
294.83
294.60
294.37
294.13
293.89
293.64
293.39
293.13
292.87
292.60
292.33
292.05
291.77
291.49
291.20
290.91
290.61
290.31
290.01
289.70
289.39
289.08
288.76
288.44
288.12
287.79
287.47
287.14
286.81
286.48
286.14
285.81
285.48
285.14
284.80
284.47
284.13
283.80
283.46
283.13
282.79
282.46
282.13
281.80
281.48
281.16
280.84
280.52
280.20
279.89
279.59
279.29
278.99
278.69
278.41
278.12
277.85
277.57
277.31
277.05
276.80
276.55
276.31
276.08
275.86
275.64
275.43
275.23
275.04
274.85
274.68
274.51
274.35
274.20
274.06
273.93
273.81
273.70
273.60
273.51
273.43
273.36
273.30
273.25
273.21
273.18
273.16
273.15
273.15
273.15
273.15
273.15
273.15
273.15
273.15
273.15
273.15
273.15
273.15
273.15
273.15
273.15
273.15
273.15
273.15
273.15
273.15
273.15
273.15
273.15
273.15
273.15
273.15
273.15
273.15
273.15
273.15
273.15
273.15
273.15
273.15
273.15
273.15
273.15
273.15
273.15
273.15
273.15
273.15
