273.15
273.15
273.15
273.15
273.15
273.15
273.15
273.15
273.15
273.15
273.15
273.27
273.56
274.00
274.59
275.33
276.19
277.18
278.26
279.44
280.68
281.97
283.29
284.64
285.98
287.30
288.60
289.85
291.06
292.19
293.26
294.25
295.16
295.99
296.74
297.40
297.98
298.49
298.92
299.28
299.58
299.81
299.98
300.09
300.14
300.14
300.09
299.98
299.81
299.58
299.28
298.92
298.49
297.98
297.40
296.74
295.99
295.16
294.25
293.26
292.19
291.06
289.85
288.60
287.30
285.98
284.64
283.29
281.97
280.68
279.44
278.26
277.18
276.19
275.33
274.59
274.00
273.56
273.27
273.15
273.15
273.15
273.15
273.15
273.15
273.15
273.15
273.15
273.15
273.15
